[gd_scene load_steps=11 format=2]

[ext_resource path="res://resources/texture1.png" type="Texture" id=2]
[ext_resource path="res://resources/transparent.png" type="Texture" id=3]
[ext_resource path="res://resources/suzanne.obj" type="ArrayMesh" id=5]
[ext_resource path="res://3D Vertical Dissolve Object Space.shader" type="Shader" id=8]

[sub_resource type="ShaderMaterial" id=9]
shader = ExtResource( 8 )
shader_param/offset = -0.964
shader_param/up = false
shader_param/borderColor = Color( 1, 1, 0, 1 )
shader_param/borderHeight = 0.05
shader_param/emissionIntensity = 1.0
shader_param/blendUVScale = Vector2( 1, 1 )
shader_param/textureUVScale = Vector2( 1, 1 )
shader_param/texture = ExtResource( 2 )
shader_param/blendTexture = ExtResource( 3 )

[sub_resource type="ShaderMaterial" id=10]
shader = ExtResource( 8 )
shader_param/offset = -1.52
shader_param/up = false
shader_param/borderColor = Color( 1, 1, 0, 1 )
shader_param/borderHeight = 0.05
shader_param/emissionIntensity = 1.0
shader_param/blendUVScale = Vector2( 1, 1 )
shader_param/textureUVScale = Vector2( 1, 1 )
shader_param/texture = ExtResource( 2 )
shader_param/blendTexture = ExtResource( 3 )

[sub_resource type="ProceduralSky" id=4]

[sub_resource type="Environment" id=5]
background_mode = 3
background_sky = SubResource( 4 )
background_color = Color( 0.533333, 0.52549, 0.52549, 1 )
fog_enabled = true
ssao_enabled = true
glow_enabled = true

[sub_resource type="SpatialMaterial" id=6]
albedo_color = Color( 0.580392, 0.592157, 0.603922, 1 )

[sub_resource type="PlaneMesh" id=7]
size = Vector2( 400, 400 )

[node name="3DVerticalDissolveObjectSpace" type="Spatial"]

[node name="Suzanne2" type="MeshInstance" parent="."]
transform = Transform( 0.880266, 0.447567, 0.157525, -0.141384, 0.564337, -0.813347, -0.452925, 0.693691, 0.560046, -0.679136, -0.566338, -1.05901 )
mesh = ExtResource( 5 )
material/0 = SubResource( 9 )

[node name="Suzanne3" type="MeshInstance" parent="."]
transform = Transform( 0.677389, 0.436452, -0.592161, -0.398514, -0.458899, -0.794102, -0.618328, 0.773901, -0.136921, 2.7784, 0.0160527, -0.155344 )
mesh = ExtResource( 5 )
material/0 = SubResource( 10 )

[node name="DirectionalLight" type="DirectionalLight" parent="."]
transform = Transform( 1, 0, 0, 0, 0.821189, 0.570656, 0, -0.570656, 0.821189, 0, 21.5684, 30.6121 )
light_energy = 2.0
shadow_enabled = true
directional_shadow_mode = 0

[node name="Camera" type="Camera" parent="."]
transform = Transform( 1, 0, 0, 0, 0.933612, 0.358287, 0, -0.358287, 0.933612, 0, 2.002, 5.979 )
environment = SubResource( 5 )
far = 167.2

[node name="Plane" type="MeshInstance" parent="."]
transform = Transform( 1, 0, 0, 0, 0.935869, -0.352348, 0, 0.352348, 0.935869, 0, -13.2698, -12.6181 )
material_override = SubResource( 6 )
mesh = SubResource( 7 )
